}Tilelist
]
|tilelist_bg2
|0
|bg_layout
|ofs_
|0
}TilelistEntry
]
|chipachu
|image_chipachu
|512
|1
|1
|5
|0
|0
|0
|0
|0
|384
|&*&*&*&*&*&*&*&*&*&*&*&*&*&*&*&*&*&*&*&*&*&*&*&*&*&*&*&*&*&*&*&*&*&*&*&*&*&*&*&*&*&*&*&*&*&*&*&*&*&*&*&*&*&*&*&*&*&*&*&*&*&*&*&*&*&*&*&*&*&*&*&*&*&*&*&*&*&*&*&*&*&*&*&*&*&*&*&*&*&*&*&*&*&*&*&*#*#*#*#*#*#*#*#*#*#*#*#*#*#*#*#*#*#*#*#*#*#*#*#*#*#*#*#*#*#*#*#*#*#*#*#*#*#*#*#*#*#*#*#*#*#*#*#*#*#*#*#*#*#*#*#*#*#*#*#*#*#*#*#*#*#*#*#*#*#*#*#*#*#*#*#*#*#*#*#*#*#*#*#*#*#*#*#*#*#*#*#*#*#*#*#*#*#*#*#*#*#*#*#*#*#*#*#*#*#*#*#*#*#*#*#*#*#*#*#*#*#*#*#*#*#*#*#*#*#*#*#*#*#*#*#*#*#*#*#*#*#*#*#*#*#*#*#*#*#*#*#*#*#*#*#*#*#*#*#*#*#*#*#*#*#*#*#*#*#*#*#*#*#*#*#*#*#*#*#*#*#*#*#*#*#*#*#*#*#*#*#*#*#*#*#*#*#*#*#*#*#*#*#*#*#*#*#*#*#*#*#*#*#*#*#*#*#*#*#*#*#*#*#*#*#*#*#*#*#*#*#*#*#*#*#*#*#*#*#*#*#*#*#*#*#*#*#*#*#*#*#*#*#*#*#*#*#*#*#*#*#*#*#*#*#*#*#*#*#*#*#*#*#*#*#*#*#*#*#*#*#*#*#*#*#*#*#*
[
]
|mysterio
|image_mysterio
|512
|1
|2
|0
|0
|0
|0
|0
|0
|0
[
]
|kaabu
|image_kaabu
|512
|1
|3
|0
|0
|0
|0
|0
|0
|0
[
]
|
|tiles_highway2_set01
|0
|0
|0
|0
|0
|0
|0
|0
|0
|592
|#*#*#*#*#*,*#*#*,*,*#*,*,*,*#*#*#*,*#*,*#*,*#*,*,*,*#*#*,*&*&*&*&*&*&*,*#*&*#*#*&*&*&*&*&*&*&*&*&*#*#*#*&*&*&*&*&*&*&*&*&*&*&*&*&*&*&*&*&*&*&*&*#*&*#*&*#*&*#*&*#*&*#*&*#*#*#*#*&*&*&*&*&*#*&*#*&*#*&*#*&*#*&*#*#*#*#*#*#*#*#*&*#*&*&*&*#*#*#*&*#*&*&*&*#*#*&*#*&*#*&*&*#*#*&*#*&*#*&*&*#*#*&*#*&*#*&*#*#*#*#*#*#*#*#*#*#*#*#*#*#*#*#*#*#*#*#*#*#*#*#*#*#*#*#*#*#*#*#*#*#*#*#*#*#*#*#*#*#*#*#*#*#*#*#*#*#*#*#*#*#*#*#*#*#*#*#*#*#*#*#*#*#*#*#*#*#*#*#*#*#*#*#*#*#*#*#*#*#*#*#*#*#*#*#*#*#*#*#*#*#*#*#*#*#*#*#*#*#*#*#*#*#*#*#*#*#*#*#*#*#*#*#*#*#*#*#*#*#*#*#*#*#*#*#*#*#*#*#*#*#*#*#*#*#*#*#*#*#*#*#*#*#*#*#*#*#*#*#*#*#*#*#*#*#*#*#*#*#*#*#*#*#*#*#*#*#*#*#*#*#*#*#*#*#*#*#*#*#*#*#*#*#*#*#*#*#*#*#*#*#*#*#*#*#*#*#*#*#*#*#*#*#*#*#*#*#*#*#*#*#*#*#*#*#*#*#*#*#*#*#*#*#*#*#*#*#*#*#*#*#*#*#*#*#*#*#*#*#*#*#*#*#*#*#*#*#*#*#*#*#*#*#*#*#*#*#*#*#*#*#*#*#*#*#*#*#*#*#*#*#*#*#*#*#*#*#*#*#*#*#*#*#*#*#*#*#*#*#*#*#*#*#*#*#*#*#*#*#*#*#*#*#*#*#*#*#*#*#*#*#*#*#*#*#*#*#*#*#*#*#*#*#*#*#*#*#*#*#*#*#*#*#*#*#*#*#*#*#*#*#*#*#*#*#*#*#*#*#*#*#*#*#*#*#*#*#*#*#*#*#*#*,:#*&:#*&*&*>*#*;N)f/>&*,2A2,2A2,2A2G2A2,2A2,2A2G2A2G2A2,2A2G2A2G2A2G2A2,2A2,2A2,2A2G2A2,2A2G2A2,2A2G2A2,2A2G2A2G2A2G2A2,2A2,2A2G2A252A252A252A252A252A252A2G2A2
[
]
|
|tiles_highway2_set02
|148
|0
|0
|0
|0
|0
|0
|0
|0
|160
|#*#*#*#*&*&*&*&*&*&*&*&*&*&*&*&*&*&*&*&*&*&*&*&*&*&*&*&*&*&*&*&*&*&*&*&*&*&*&*&*#*#*#*#*#*#*#*#*#*#*#*#*#*#*#*#*#*#*#*#*#*#*#*#*#*#*#*#*#*#*#*#*#*#*#*#*#*#*#*#*#*#*#*#*#*#*#*#*#*#*#*#*#*#*#*#*#*#*#*#*#*#*#*#*#*#*#*#*#*#*#*#*#*#*#*#*#*#*#*#*#*#*#*#*#*#*#*#*#*#*#*#*#*#*#*#*#*#*#*#*#*#*#*#*#*#*#*#*#*#*#*#*#*#*#*#*#*#*#*#*
[
]
|
|tiles_highway3_set01
|188
|0
|0
|0
|0
|0
|0
|0
|0
|0
[
]
|
|tiles_highway3_set02
|380
|0
|0
|0
|0
|0
|0
|0
|0
|0
[
]
|
|tiles_digits
|1024
|1
|0
|0
|0
|0
|0
|0
|0
|0
[
]
|
|tiles_highway4
|1040
|1
|0
|0
|0
|0
|0
|0
|0
|0
[
{
}Attributes
]
|nonsolid
|0
|16777215
[
]
|solid
|1
|0
[
]
|breakaway
|3
|524536
[
{
[
]
|tilelist_spr
|0
|sprite_layout
|ofs_
|0
}TilelistEntry
]
|horse
|frame_horse
|0
|0
|0
|0
|0
|0
|0
|0
|0
|0
[
]
|slash1
|sprite_slash01
|64
|0
|0
|0
|0
|0
|0
|0
|0
|0
[
]
|slash2
|sprite_slash02
|96
|0
|0
|0
|0
|0
|0
|0
|0
|0
[
]
|slash3
|sprite_slash03
|128
|0
|0
|0
|0
|0
|0
|0
|0
|0
[
]
|slash4
|sprite_slash04
|160
|0
|0
|0
|0
|0
|0
|0
|0
|0
[
]
|slash5
|sprite_slash05
|192
|0
|0
|0
|0
|0
|0
|0
|0
|0
[
]
|slash6
|sprite_slash06
|224
|0
|0
|0
|0
|0
|0
|0
|0
|0
[
]
|slash7
|sprite_slash07
|256
|0
|0
|0
|0
|0
|0
|0
|0
|0
[
]
|debris
|sprite_debris
|288
|0
|0
|0
|0
|0
|0
|0
|0
|0
[
]
|smallexplode
|sprite_smallexplode
|304
|0
|0
|0
|0
|0
|0
|0
|0
|0
[
]
|ghost01
|sprite_ghost01
|368
|0
|0
|0
|0
|0
|0
|0
|0
|0
[
]
|ghost02
|sprite_ghost02
|384
|0
|0
|0
|0
|0
|0
|0
|0
|0
[
]
|hat
|sprite_hat
|400
|0
|0
|0
|0
|0
|0
|0
|0
|0
[
]
|sword
|sprite_sword
|404
|0
|0
|0
|0
|0
|0
|0
|0
|0
[
]
|horsepiece1
|sprite_horsepiece1
|408
|0
|0
|0
|0
|0
|0
|0
|0
|0
[
]
|horsepiece2
|sprite_horsepiece2
|424
|0
|0
|0
|0
|0
|0
|0
|0
|0
[
]
|horsepiece3
|sprite_horsepiece3
|428
|0
|0
|0
|0
|0
|0
|0
|0
|0
[
]
|horsepiece4
|sprite_horsepiece4
|432
|0
|0
|0
|0
|0
|0
|0
|0
|0
[
]
|horsepiece5
|sprite_horsepiece5
|436
|0
|0
|0
|0
|0
|0
|0
|0
|0
[
]
|manfall
|sprite_manfall
|440
|0
|0
|0
|0
|0
|0
|0
|0
|0
[
]
|pipefragment
|sprite_pipefragment
|456
|0
|0
|0
|0
|0
|0
|0
|0
|0
[
]
|hadoken1
|sprite_hadoken01
|457
|0
|0
|0
|0
|0
|0
|0
|0
|0
[
]
|hadoken2
|sprite_hadoken02
|521
|0
|0
|0
|0
|0
|0
|0
|0
|0
[
]
|hadoken3
|sprite_hadoken03
|585
|0
|0
|0
|0
|0
|0
|0
|0
|0
[
]
|hadoken4
|sprite_hadoken04
|649
|0
|0
|0
|0
|0
|0
|0
|0
|0
[
]
|hadoken5
|sprite_hadoken05
|713
|0
|0
|0
|0
|0
|0
|0
|0
|0
[
]
|hadoken6
|sprite_hadoken06
|777
|0
|0
|0
|0
|0
|0
|0
|0
|0
[
]
|hadoken7
|sprite_hadoken07
|841
|0
|0
|0
|0
|0
|0
|0
|0
|0
[
{
}Attributes
{
[
{
