}LevelInfo
]
|LEVEL_BACKGROUND
|0
|1
|
|
|0
|
|
|0
|
|
|0
|
|
|0
|
|
|0
|
|
|0
|
|
|0
|
|
|0
|
|
|0
|
|
|0
|
|
|0
|
|
|0
|
|
|0
|
|
|0
|
|
|0
|
|
|0
|
|0
|
|0
|
|0
|
|0
|0
|tilelist_bg2
|1024
|2
|
[
]
|LEVEL_HIGHWAY1
|0
|1
|
|
|0
|
|
|0
|
|
|0
|
|
|0
|
|
|0
|
|
|0
|
|
|0
|
|
|0
|
|
|0
|
|
|0
|
|
|0
|
|
|0
|
|
|0
|
|
|0
|
|
|0
|
|
|0
|
|0
|
|0
|
|0
|
|0
|1
|tilelist_bg2
|1024
|0
|
[
]
|LEVEL_TEST
|0
|1
|
|
|0
|
|
|0
|
|
|0
|
|
|0
|
|
|0
|
|
|0
|
|
|0
|
|
|0
|
|
|0
|
|
|0
|
|
|0
|
|
|0
|
|
|0
|
|
|0
|
|
|0
|
|
|0
|
|0
|
|0
|
|0
|
|0
|0
|tilelist_bg2
|796
|2
|
[
{
